pygame.init()
altura=600
largura=1000
window=pygame.display.set_mode((largura,altura))
pygame.display.set_caption('JOGO')
background = pygame.image.load("referencia/assets/img/starfield.png").convert()
#########################################################################
cor=(0,0,255)
cor1=(0,200,0)
cors=(0,0,0)
core=(127,127,127)
##########################################################################
METEOR_WIDTH = 50
METEOR_HEIGHT = 38
meteor_img = pygame.image.load('referencia/assets/img/meteorBrown_med1.png').convert_alpha()
meteor_img_small = pygame.transform.scale(meteor_img, (METEOR_WIDTH, METEOR_HEIGHT))
############################################################################
vertini=[(75,50),(75,150),(150,150),(150,50)]
vert1=[(151,50),(151,150),(251,150),(251,50)]
vert2=[(252,50),(252,150),(352,150),(352,50)]
vert3=[(353,50),(353,150),(453,150),(453,50)]
vert4=[(454,50),(454,150),(554,150),(554,50)]
vert5=[(555,50),(555,150),(655,150),(655,50)]
vert6=[(656,50),(656,150),(756,150),(756,50)]
vert7=[(757,50),(757,150),(857,150),(857,50)]
vert8=[(757,151),(857,151),(857,251),(757,251)]
vert9=[(757,252),(857,252),(857,352),(757,352)]
vert10=[(656,252),(756,252),(756,352),(656,352)]
vert11=[(555,252),(655,252),(655,352),(555,352)]
vert12=[(454,252),(554,252),(554,352),(454,352)]
vert13=[(353,252),(453,252),(453,352),(353,352)]
vert14=[(353,353),(453,353),(453,453),(353,453)]
vert15=[(353,454),(453,454),(453,554),(353,554)]
vertfim=[(454,454),(529,454),(529,554),(454,554)]
##############################################################################
vertsi1=[(150,50),(150,150),(151,150),(151,50)]
verts12=[(251,50),(251,150),(252,150),(252,50)]
verts23=[(352,50),(352,150),(353,150),(353,50)]
verts34=[(453,50),(453,150),(454,150),(454,50)]
verts45=[(554,50),(554,150),(555,150),(555,50)]
verts56=[(655,50),(655,150),(656,150),(656,50)]
verts67=[(756,50),(756,150),(757,150),(757,50)]
verts78=[(757,150),(857,150),(857,151),(757,151)]
verts89=[(757,251),(857,251),(857,252),(757,252)]
verts910=[(756,252),(757,252),(757,352),(756,352)]
verts1011=[(655,252),(656,252),(656,352),(655,352)]
verts1112=[(554,252),(555,252),(555,352),(554,352)]
verts1213=[(453,252),(454,252),(454,352),(453,352)]
verts1314=[(353,352),(453,352),(453,353),(353,353)]
verts1415=[(353,453),(453,453),(453,454),(353,454)]
verts15fim=[(453,454),(454,454),(454,554),(453,554)]
